10 0.531586679726 0.150097943193 0.0879040156709 0.0511753183154
10 0.42458374143 0.150097943193 0.0798237022527 0.0526444662096
10 0.322477962782 0.156464250735 0.0749265426053 0.0511753183154
6 0.501224289912 0.00318315377081 0.440499510284 0.102105778648
6 0.153281096964 0.269833496572 0.844270323213 0.17874632713
8 0.791625857003 0.392752203722 0.194662095984 0.0430950048972
11 0.0942703232125 0.0844760039177 0.880999020568 0.606513222331
10 0.284035259549 0.437316356513 0.185112634672 0.138834476004
9 0.775710088149 0.505876591577 0.153281096964 0.0639079333986
10 0.218658178257 0.592066601371 0.12291870715 0.0511753183154
10 0.0670910871694 0.443682664055 0.217189030362 0.114838393732
10 0.478942213516 0.590597453477 0.124387855044 0.062193927522
10 0.504407443683 0.422869735553 0.167482859941 0.159647404505