10 0.456666666667 0.743333333333 0.136666666667 0.08
10 0.446666666667 0.823333333333 0.146666666667 0.0866666666667
10 0.453333333333 0.916666666667 0.14 0.0733333333333
1 0.713333333333 0.116666666667 0.146666666667 0.383333333333
10 0.473333333333 0.406666666667 0.106666666667 0.0666666666667
10 0.46 0.5 0.116666666667 0.0633333333333
10 0.456666666667 0.576666666667 0.11 0.08
10 0.453333333333 0.646666666667 0.133333333333 0.08
1 0.726666666667 0.606666666667 0.133333333333 0.35
11 0.0666666666667 0.14 0.766666666667 0.933333333333
10 0.126666666667 0.353333333333 0.113333333333 0.0666666666667
10 0.126666666667 0.27 0.12 0.0933333333333
10 0.126666666667 0.503333333333 0.106666666667 0.0733333333333
10 0.126666666667 0.42 0.106666666667 0.07
10 0.14 0.67 0.08 0.06
10 0.136666666667 0.59 0.0966666666667 0.0666666666667
10 0.12 0.823333333333 0.113333333333 0.0866666666667
10 0.126666666667 0.74 0.106666666667 0.09
10 0.286666666667 0.913333333333 0.126666666667 0.0666666666667
10 0.136666666667 0.9 0.0833333333333 0.08
10 0.293333333333 0.756666666667 0.1 0.0733333333333
10 0.296666666667 0.83 0.11 0.08
10 0.296666666667 0.566666666667 0.116666666667 0.103333333333
10 0.286666666667 0.67 0.12 0.0566666666667
10 0.31 0.406666666667 0.09 0.07
10 0.296666666667 0.5 0.116666666667 0.09
10 0.3 0.26 0.1 0.0766666666667
10 0.31 0.336666666667 0.0966666666667 0.0733333333333
10 0.466666666667 0.323333333333 0.106666666667 0.08
10 0.466666666667 0.246666666667 0.1 0.09