10 0.442436412316 0.337014725569 0.121485943775 0.126171352075
8 0.787483266399 0.425033467202 0.177376171352 0.0686077643909
10 0.616465863454 0.55421686747 0.260374832664 0.146921017403
10 0.635876840696 0.322623828648 0.14390896921 0.108768406961
10 0.610107095047 0.793842034806 0.223560910308 0.237951807229
10 0.60374832664 1.12918340027 0.262048192771 0.201137884873
11 0.070281124498 0.429718875502 0.84672021419 1.03179384203
8 0.795515394913 0.878514056225 0.146921017403 0.0622489959839
6 0.0669344042838 1.5 0.920013386881 0.266733601071
8 0.782797858099 0.686746987952 0.171017402945 0.0575635876841
8 0.804886211513 0.835341365462 0.137215528782 0.0542168674699
10 0.444109772423 0.233266398929 0.134203480589 0.0943775100402
10 0.642235609103 0.20749665328 0.134203480589 0.0943775100402
8 0.793842034806 1.26840696118 0.20281124498 0.091030789826
8 0.793842034806 0.335341365462 0.129518072289 0.0655957161981
8 0.811579651941 0.490294511379 0.161311914324 0.0512048192771
8 0.781124497992 0.782797858099 0.167670682731 0.0512048192771